-10.922662976 -37.042833162
-5.116 -42.793
-9.964 -39.164
-12.0666664 -38.499998
-30.916663 -51.4833314
-13.024666568 -39.602997588
-3.2666656 -42.1166662
-20.08749965 -47.784830194
-22.869329856 -43.3166654
-13.78999684 -47.45333152
-8.208999164 -41.07583303
-23.13416613 -49.05249979
-22.8166634 -43.3666652
-7.825 -50.7728
-8.003499986 -35.691497234
-14.6333308 -39.5333312
-18.257998968 -48.150166066
-10.352998588 -37.176332628
-22.7859818561 -47.1071445714
-22.943 -43.2
-21.906496374 -44.253498986
-15.356498574 -42.95499618
-16.441331568 -49.486831386
-7.3999984 -35.9833294
-22.200499198 -46.609497562
-20.47333144 -49.77333024
3.3 -48.4
-22.64083077 -47.190999236
-3.7166638 -38.6499974
-5.77954 -35.2047
-22.91749633 -43.191499234
-23.1333328 -50.6499974
-4.5333312 -40.1999992
-13.3166654 -42.2999988
-17.307165438 -41.516831266
-12.343165294 -38.376498494
-20.666830666 -42.51916459
-23.417998328 -51.420998316
-12.02333324 -44.254665648
-7.654664048 -49.0583331
-7.74389 -36.0558
-24.166666 -49.666664
-24.102332924 -49.786830186
-23.35166526 -51.48833138
-18.435498258 -49.185499258
-22.671330648 -44.44249823
-9.751163662 -36.656497374
-5.98778 -36.4128
-26.3833318 -48.7166638
-6.82333004 -35.754663648
-22.354331916 -47.383998464
-21.807163438 -48.126499494
-24.3158 -51.7869
-6.0999996 -39.4499982
-18.539664508 -53.123999504
-19.034499862 -46.152166058
-23.787 -46.584
-3.45389 -44.78
-11.3666652 -49.1833326
-29.6083309 -50.92166298
-7.21278 -40.0458
-8.666664 -35.7166638
-22.870329852 -42.338998644
-23.9319 -52.4958
-23.569497722 -46.623830838
-6.3499986 -37.749997
-4.749997 -40.83333
-15.249999 -39.416665
-12.317332064 -44.856496574
-6.55778 -35.7419
-13.083333 -39.0
-4.41778 -39.045
-27.3999984 -52.3166654
-7.12583 -37.6089
-21.042999828 -48.05499978
-27.505997976 -52.591997632
-29.0166666 -51.6999972
-11.257165638 -37.618664192
-22.62249751 -46.642830762
-26.8999964 -53.1499994
-15.72416377 -41.3416653
-18.4666648 -47.2166658
-21.5166646 -46.1999992
-23.101332928 -48.254665648
-25.588997644 -49.405998376
-20.618664192 -41.684830594
-20.6083309 -42.142666096
-12.499998 -35.583331
-21.656830706 -46.736830386
-18.8039 -42.5978
-20.987329384 -43.002333324
-13.289332176 -46.390998436
-9.749997 -49.1166662
-21.351165262 -50.275498898
-19.557831102 -46.956162842
-4.124666168 -44.120999516
-10.68666392 -37.141999432
-18.619830854 -42.284832194
-18.7666636 -41.4833314
-19.583331 -46.916663
-1.3666652 -48.249999
-26.9689 -53.0928
-23.275998896 -51.166999332
-22.971996112 -43.390331772
-16.71749713 -49.188665912
-24.9753460986 -53.3758151634
-25.440164906 -49.191499234
-16.190332572 -52.525331232
-15.7723469106 -47.9000463998
-24.7999968 -53.2999988
-30.04249983 -51.018166594
-28.841329968 -51.85166326
-29.7999968 -52.435331592
-23.702163858 -46.693163894
-21.583331 -43.2666656
-16.6166642 -42.1833326
-18.9666628 -41.0999996
-26.499998 -52.6499974
-23.625330832 -49.308165434
-21.020999916 -44.220332452
-25.9666628 -52.5666644
-16.684330596 -44.358998564
-6.3833318 -36.1833326
-26.2278 -52.0319
-27.7166638 -53.7166638
-8.616830866 -35.9499962
-10.2839 -37.9258
-8.81583 -42.5128
-6.2666656 -38.4833314
-26.9333296 -52.7833302
-19.517997928 -42.623997504
-22.8872147845 -42.0373365173
-3.6166642 -41.5333312
-3.46916479 -41.552997788
-17.390665104 -50.367665196
-4.55889 -41.9719
-10.275165566 -37.017999928
-28.6008 -49.3258
-14.3969 -50.9958
-7.77333024 -39.937829582
-15.78999684 -48.605664244
-10.0358 -44.3058
-15.7333304 -41.0
-6.09083 -49.5408
-22.908834698 -47.0561981085
-18.783830198 -45.500997996
-19.306998772 -50.836496654
-24.0333332 -50.4499982
-19.1166662 -44.3499986
-10.438998244 -45.157166038
-9.123999504 -36.324665368
-13.333332 -44.6499974
-5.4499982 -42.3666652
-7.2166658 -44.5666644
-26.7999968 -49.416665
-15.0389 -41.935
-17.866829866 -42.55416445
-23.5769444544 -46.5113888989
-22.023999904 -42.356498574
-22.47583143 -47.45416485
-24.8158 -53.1219
-22.917829662 -46.538497846
-22.973996104 -46.535664524
-27.583331 -50.3999984
-20.386645 -43.502925
-19.8550149133 -43.9740477705
-27.6083309 -53.73666372
-26.9839 -52.6069
-3.9 -38.383
-7.83194 -40.9008
-9.00416665 -44.406498374
-6.249999 -36.5166646
-19.58749765 -42.706163842
-6.71694 -35.2689
-15.935662924 -41.852829922
-7.575164366 -38.191999232
-23.42249831 -51.936329588
-15.907163038 -46.091166302
-7.0166666 -37.9666628
-10.1369 -43.9489
-16.4499982 -49.749997
-3.53278 -40.6569
-5.58278 -42.7778
-24.3858 -51.585
-21.185999256 -48.785496858
-22.13499946 -48.51749793
-6.94278 -41.3228
-22.141332768 -49.326498694
-9.637830782 -36.218665792
-27.666664 -48.525664564
-19.818663392 -40.270332252
-23.092666296 -48.922162978
-21.7928 -45.7008
-23.088832978 -48.98582939
-14.416665 -41.4499982
-4.557164438 -37.768663592
-7.787330184 -35.087832982
-21.333332 -43.3833318
-11.326332028 -38.966829466
-15.792330164 -47.871996512
-22.8166634 -43.2833322
-20.521 -41.907
-20.499998 -41.666664
4.249999 -52.6499974
-21.456498174 -49.943162894
-10.9167 -37.05
-1.19083257 -47.175165966
-27.166666 -52.1166662
-12.925162966 -49.822163378
-18.72166378 -49.202332524
-7.187832582 -48.20416585
-7.22333244 -48.237665716
-6.575164366 -48.639664108
-15.087332984 -50.622997508
-18.340331972 -48.63416413
-13.068666392 -44.201165862
-5.650497398 -48.120999516
-5.37608 -48.7189
-15.7166638 -51.8499966
-16.8166634 -53.083333
-16.7833302 -52.9833294
-26.4333316 -49.2333324
-22.908834698 -47.0561981085
-10.122166178 -36.172165978
-8.802330124 -49.553497786
-10.5 -50.167
-8.4666648 -35.5499978
-22.218665792 -47.622164178
-7.157166038 -48.52333124
-16.908496366 -49.451498194
-18.1416661 -48.550164466
-24.1008 -52.12
-15.901496394 -52.238499046
-0.733889 -47.855
-18.753496986 -44.425164966
-13.83333 -44.4666648
-27.749997 -49.9499962
-22.166666 -44.3999984
-25.1833326 -49.1333328
-21.7573819705 -41.3099004271
-17.104666248 -43.808996764
-1.83333 -44.8666632
-23.542207 -46.471159
-18.375165166 -44.453498186
-14.183665932 -44.533664532
-8.87582983 -36.187832582
-10.135999456 -36.984329396
-23.2833322 -47.66999732
-26.487331384 -49.090166306
-22.9668827991 -43.1750842997
-26.316667 -48.833611
-8.08583299 -37.63916411
-23.5231979072 -46.6737139718
-22.9676 -43.179
-22.965585 -43.1724072
-23.776496894 -45.621330848
-11.333332 -50.416665
-6.75 -35.6328
-20.07166638 -43.404665048
-20.6833306 -43.499998
-4.3499986 -39.2999988
-8.037333184 -35.004833314
-23.507831302 -46.892996428
-5.2833322 -38.8666632
-4.95583 -37.1369
-10.754663648 -37.308998764
-7.12278 -36.9408
-22.574664368 -44.6916639
-22.66749733 -48.658997364
-22.9221879779 -43.1723843105
-16.69969 -49.234264
-6.96278 -35.6919
-7.04778 -35.9308
-22.023833238 -48.90666304
-22.225165766 -43.103499586
-32.033197 -52.098614
-6.3833318 -35.1333328
-31.3999984 -52.6833306
-8.666664 -35.7166638
0.984829394 -50.801163462
-20.003499986 -45.972829442
-27.2833322 -48.7833302
-20.003499986 -45.972829442
-23.5666644 -47.88499646
-19.4739414376 -44.2198791205
-6.125166166 -39.87332984
-22.983756065 -43.2401357061
-25.7166638 -52.1833326
-21.135999456 -48.970329452
-25.20166586 -53.15416605
-25.442331564 -49.272832242
-27.06916639 -51.657164038
-5.828938 -35.2138639
-16.25333232 -49.976162762
-6.73416373 -35.516831266
-7.37583 -40.9719
-9.569331056 -36.488664712
-8.6166642 -35.8499966
-8.754663648 -38.9583295
-22.9004830647 -43.1734026397
-29.672 -52.787
-23.543216 -46.58952
-3.0 -42.4499982
-17.9369 -38.9465
-9.61916419 -49.150499398
-20.2999988 -42.4833314
-14.3999984 -42.8666632
-20.288165514 -45.537164518
-31.5999976 -53.7333304
-8.417998328 -37.052333124
-21.3999984 -42.6833306
-9.635997456 -35.80166346
-21.18499926 -45.439664908
-7.753496986 -48.583664332
-28.722163778 -49.421498314
-23.105999576 -50.367331864
-11.804663448 -39.117999528
-21.770330252 -50.45916483
-21.7833302 -46.3833318
-15.884663128 -40.555497778
-12.667330664 -38.550497798
-20.485998056 -43.191999232
-16.375331832 -51.554331116
-15.67166398 -38.941496234
-20.684830594 -42.618664192
-7.68778 -43.7208
-27.44004 -48.464813
-22.702163858 -45.053166454
-12.759496962 -39.42333164
-5.459498162 -47.885996456
-19.90332972 -40.557331104
-5.86389 -37.31
-21.6166642 -42.83333
-1.0333332 -46.666664
-8.283665532 -49.241499034
-18.06916639 -43.46916479
-28.117999528 -52.776330228
-6.49694 -49.8778
-18.105332912 -44.266832266
-5.9068463726 -35.2419623655
-22.7833302 -43.1833326
-11.684330596 -41.767996928
-24.787830182 -50.007166638
-9.122832842 -37.602997588
-26.249999 -53.6333308
-9.33778 -42.4278
-25.5999976 -49.6166642
-20.459664828 -50.603664252
-18.150166066 -47.552164458
-8.1166662 -42.9666628
-5.5499978 -47.4333316
-22.902829722 -43.237999048
-7.5166646 -46.0333332
-22.618830858 -44.442998228
-22.91083 -43.17302
-19.192665896 -44.241999032
-21.9666628 -42.3666652
-23.503164654 -47.608497566
-16.353831918 -49.685997256
-16.8499966 -42.068666392
-25.370998516 -52.122166178
-6.85278 -35.3808
-9.24083237 -36.008999964
-23.436498254 -47.056833106
-7.252332324 -35.875163166
-18.522164578 -42.622830842
-12.218665792 -38.20166586
-21.138166114 -50.421498314
-21.975162766 -42.367331864
-16.75749697 -42.005333312
-3.6499974 -44.3999984
-19.941996232 -45.159499362
-22.4499982 -46.3499986
-16.23499906 -51.255165646
-21.235165726 -47.970662784
-26.249999 -53.6333308
-19.850663264 -43.950329532
-19.838996644 -42.772830242
-8.666664 -35.7166638
-9.82333004 -37.274665568
-19.2333324 -42.4666648
-10.66916399 -39.491998032
-15.869329856 -47.917829662
-15.8 -47.9
-16.218832458 -44.425331632
-14.9499962 -39.3166654
-17.70333052 -40.757830302
-15.736163722 -47.922662976
-7.722163778 -35.322832042
-15.818996724 -47.825996696
-19.9230646411 -43.9413545679
-28.385998456 -51.841996632
-21.401998392 -50.468998124
-26.454331516 -48.606830906
-15.787663516 -47.888996444
-29.1569 -49.5789
-3.26194 -52.6678
-28.9839 -49.4128
-30.754663648 -51.97332944
-8.385998456 -48.475164766
-26.838163314 -53.571997712
-24.1969 -53.525
-15.857829902 -38.876329828
-17.006999972 -46.001833326
-21.253498986 -52.035499858
-26.172832642 -50.387331784
-22.166666 -44.6333308
-7.00778 -40.9389
-7.08889 -35.635
-7.07083 -35.7578
-27.315 -49.6378
-11.666664 -38.0166666
-20.3499986 -43.1499994
-27.499998 -48.666664
-15.684330596 -50.475664764
-4.523664572 -37.688997244
-1.956496174 -48.191499234
-29.94082957 -51.13999944
-27.603497586 -51.45333152
5.0 -53.5999976
-20.684663928 -50.552831122
-22.819663388 -43.337665316
-2.884829794 -40.117832862
-4.221165782 -38.70499718
-14.316832066 -39.322832042
-12.707663836 -46.404665048
-2.13389 -47.5628
-21.9499962 -43.416665
-16.617330864 -51.089332976
-12.134832794 -38.417998328
-3.3833318 -39.83333
-6.9499962 -35.540331172
-23.592503 -46.629978
-21.355331912 -46.14083277
-6.938996244 -38.967329464
-10.133666132 -36.924662968
-20.50416465 -42.80166346
-7.567331064 -37.0583331
-22.701830526 -46.758996964
-23.55431 -46.670603
3.3833318 -52.3499986
-20.438998244 -44.759496962
-21.3583319 -46.937329584
-23.003833318 -49.7833302
10.715163806 -40.890496438
-23.702163858 -46.693163894
-18.753496986 -50.925996296
-12.617330864 -38.953496186
-1.5166646 -48.0166666
-23.48833138 -46.840496638
4.56833106 -52.468164794
-23.391331768 -46.319332056
-14.925162966 -51.024666568
-22.8833298 -43.2833322
-27.749997 -51.6166642
-21.523997904 -46.639664108
-8.6166642 -37.1499994
-8.950496198 -47.334831994
-9.3999984 -36.987329384
-7.21083 -37.0578
-6.638497446 -35.787330184
-7.1166662 -37.166666
-30.036833186 -52.889663108
-22.457664836 -42.65166406
-15.959829494 -41.491998032
-1.67083 -46.5289
-18.970996116 -41.968662792
-22.7999968 -51.6166642
-27.756496974 -51.992662696
-6.119832854 -47.919829654
-20.842663296 -41.107666236
-2.92694 -44.0578
-22.658997364 -45.005666644
-18.490664704 -49.467331464
-18.5166646 -49.499998
-16.673163974 -50.641164102
-22.355 -45.7789
-12.60166426 -41.441998232
-22.950996196 -43.206499174
-19.525 -44.4539
-6.7166638 -39.9666628
-17.723663772 -49.468998124
-13.749997 -41.0333332
5.472998108 -53.257165638
-25.6758 -49.535
-23.6333308 -46.4833314
-25.0999996 -48.7166638
-23.702163858 -46.693163894
3.537664516 -53.570664384
-29.7666636 -50.0166666
-23.6592509 -46.7681766
-24.003499986 -48.342998628
-27.9369 -50.5119
-19.40416505 -42.258998964
-20.166666 -42.2666656
-22.45333152 -49.33583199
-8.5166646 -39.3166654
-21.6499974 -46.3999984
-7.6166642 -36.6166642
-22.570497718 -47.170165986
-24.499998 -43.6999972
-23.54055 -46.484265
-28.122832842 -52.29083217
-32.235999056 -53.085499658
-23.304498782 -47.126499494
-19.972829442 -47.76916359
-22.95334 -43.19
-21.009499962 -42.105332912
-28.854663248 -51.276332228
-6.1999992 -37.8833298
-23.702163858 -46.693163894
-10.570331052 -40.270998916
-29.574664368 -51.084332996
-22.359665228 -48.374831834
-25.438998244 -49.236999052
-23.702163858 -46.693163894
-8.287165518 -35.024666568
-22.95916 -43.18841
-23.5583894331 -46.5231295741
-22.919662988 -42.071166382
-22.873996504 -42.017999928
4.4333316 -51.5166646
-5.3666652 -42.6833306
-21.469831454 -46.39083177
-28.8833298 -52.166666
-27.0739 -52.4558
-16.026333228 -47.06916639
-15.79083017 -46.922829642
-4.47583 -42.3089
-29.267998928 -51.98666272
-19.0669 -41.8578
-6.9666628 -34.83333
-20.120499518 -50.507997968
-21.55583111 -50.442831562
-20.608997564 -46.0499998
-4.45694 -41.9439
-22.983829398 -47.758496966
-22.990329372 -47.504664648
-23.702163858 -46.693163894
-8.49 -41.82
-16.317332064 -43.705497178
-1.749997 -47.083333
-25.4789 -53.6139
-30.140332772 -50.508997964
-4.95389 -48.3928
-6.1833326 -35.1499994
-7.34778 -50.3958
-20.8583299 -46.385998456
-22.92804 -43.09525
-17.62583083 -41.735997056
-26.558831098 -52.323665372
-8.734330396 -36.622830842
-9.388998444 -37.100499598
-27.655330712 -53.525164566
-9.2166658 -48.9499962
-28.9833294 -51.8499966
-7.21889 -44.1978
-21.317332064 -43.741497034
-27.516831266 -48.767330264
-19.65166406 -42.869829854
-7.00194 -39.7408
-8.9833294 -39.0999996
-4.2999988 -38.4833314
-17.522831242 -43.009499962
-7.5166646 -34.8999964
-22.8833298 -43.2666656
-7.48889 -36.2869
2.9499962 -52.3999984
-15.0 -40.3999984
-3.20166586 -52.203499186
-24.7978 -52.7128
-11.9499962 -37.9499962
-4.166666 -45.4833314
-12.5499978 -39.1833326
-20.5166646 -49.0666664
-23.702163858 -46.693163894
-4.839329976 -39.137999448
-27.6166642 -51.3999984
-26.3958 -52.4708
-23.702163858 -46.693163894
-19.0666664 -42.5333312
-5.572831042 -36.905329712
-4.94694 -47.505
-10.3999984 -38.326332028
-22.8549582468 -47.0405981709
-23.702163858 -46.693163894
-2.370498518 -44.391165102
-10.251165662 -36.883663132
-6.60416425 -39.057166438
-20.8999964 -49.3166654
-7.719830454 -39.23666572
3.1166662 -52.6833306
-19.142332764 -45.706830506
-21.58499766 -50.166666
-17.3166654 -53.1999992
-27.7333304 -52.9833294
-4.21278 -44.4458
-3.69 -45.9028
-29.388498446 -51.307165438
-14.190665904 -49.334665328
-16.9333296 -53.5333312
-11.6739 -51.3878
-27.4333316 -51.8666632
-20.5166646 -41.8999964
-9.27889 -43.33
-23.083333 -52.3666652
-5.249999 -42.1999992
-20.41916499 -41.955162846
-30.1833326 -53.0333332
-23.509662 -46.624904
-20.952662856 -43.788163514
-23.50499798 -46.62083085
-20.7333304 -42.0333332
-21.020499918 -47.370331852
-23.54083117 -46.633664132
-22.185499258 -41.656497374
-8.487331384 -36.055333112
-23.557516 -46.66091
-24.9333296 -50.083333
-23.5425144966 -46.6590640304
-20.8833298 -43.7333304
-20.902663056 -49.267832262
-28.283665532 -52.784830194
-17.72583043 -39.259498962
-3.47583 -41.8428
-7.722830442 -36.488498046
-14.5999976 -41.334331996
-17.18666592 -41.690330572
-29.7999968 -50.2999988
-22.884829794 -48.440331572
-19.166666 -41.4666648
-23.6166642 -50.1333328
-21.249999 -46.1333328
-20.666664 -43.7999968
-16.85916323 -43.003166654
-27.2166658 -49.083333
-15.8166634 -48.1166662
-20.339665308 -46.852329924
-19.7833302 -42.1333328
-26.249999 -53.6333308
-19.935496258 -47.538497846
-22.8833298 -43.4666648
-18.5839 -49.1989
-5.03666652 -42.456498174
-7.233832398 -39.405665044
-5.166666 -40.666664
-24.583331 -51.333332
-15.505 -41.2389
-21.33749865 -47.724330436
-13.3589 -39.815
-12.925162966 -46.935996256
-13.020666584 -46.884329796
-22.50583131 -47.773496906
-22.741163702 -50.385498458
-29.9666628 -51.6333308
-21.321832046 -48.625164166
-1.4499982 -45.7166638
-22.8088367646 -47.0677430624
-6.6833306 -35.416665
-11.655997376 -38.075166366
-22.050499798 -42.519831254
-22.408665032 -49.402331724
-20.4833314 -29.2999988
-6.655 -42.5319
-10.6439 -51.5689
-18.95666284 -51.919662988
-22.959496162 -42.02333324
-19.454831514 -50.937662916
-21.276332228 -47.168499326
-20.576331028 -48.919829654
-19.6166642 -43.9833294
-27.916663 -52.0333332
-22.987662716 -43.18833258
-22.988117 -43.191678
-9.391331768 -36.152166058
-22.874663168 -43.218999124
-21.271832246 -47.30249879
-20.7999968 -42.7999968
4.438498246 -51.517831262
-23.602178 -46.612608
-5.2833322 -36.7666636
-23.542831162 -46.708497166
-23.488498046 -46.622330844
-20.891163102 -48.805663444
-3.32083 -45.0108
-28.1999992 -53.4833314
-2.9666628 -44.7999968
-22.9666628 -43.2666656
-5.52083 -38.2719
-6.76583 -42.3919
-6.96083 -37.8058
-19.053499786 -41.016833266
-24.73499706 -48.120332852
-6.89 -38.5619
-22.7583303 -43.392665096
-21.0333332 -43.416665
-24.0166666 -53.4666648
-14.1333328 -47.5166646
-23.504664648 -53.72333044
-21.825663364 -51.992329364
-27.270998916 -53.42583163
-5.7666636 -36.0
-5.135 -35.985
-7.540331172 -35.704663848
-6.90611112111 -41.26250001
-6.1166662 -41.7999968
-13.485498058 -39.039666508
-17.074666368 -44.205332512
-23.641830766 -46.720997116
-5.6333308 -35.4333316
-19.125999496 -50.63999744
-6.638997444 -36.252332324
-33.153499386 -53.636330788
-13.8999964 -39.749997
-23.550497798 -51.456498174
-23.605664244 -51.383998464
-3.9333296 -39.3999984
-32 -47
-23.534497862 -47.257332304
-16.9666628 -48.9499962
-19.824663368 -43.087832982
-3.73083 -45.315
-23.0 -51.1999992
-7.98889 -41.8678
-26.2666656 -50.499998
-19.416665 -41.7333304
4.35052 -52.0134
-25.451267 -49.274358
-7.3166654 -39.2833322
-22.90499638 -43.191165902
-3.05083 -40.1678
-25.8808 -53.665
-19.972885 -43.962768
-23.5602777878 -46.6486111211
-23.5499978 -50.5499978
-23.358665232 -46.737830382
-23.62333084 -46.65249739
-18.8069444544 -43.6808333433
-6.454664848 -37.091999632
-20.493164694 -43.854663248
-15.290498838 -44.40749837
-21.2666656 -49.942329564
-24.0666664 -52.0499998
-23.9333296 -53.8999964
-20.6958333433 -41.92500001
-21.5166646 -48.389665108
-22.007333304 -51.234665728
-27.0719 -53.2478
-16.951162862 -51.803663452
-19.7999968 -45.8999964
-20.442664896 -45.552997788
-7.791496834 -36.655997376
-19.8319 -42.3958
-22.6333308 -46.0333332
-22.1528 -46.0389
-16.6416641 -50.541997832
-10.5999976 -38.3833318
-1.78778 -46.3028
-30.083333 -51.7166638
-29.350498598 -51.672163978
-1.503497986 -48.622164178
-12.655997376 -40.605330912
-29.3999984 -51.9499962
-8.05389 -34.8808
-31.5499978 -52.5333312
-29.333332 -53.0999996
-25.4358 -53.4078
-29.550497798 -49.88666312
-6.71694 -35.2689
-21.5999976 -43.7666636
-9.617330864 -36.767330264
-25.6358 -53.2119
-14.357665236 -40.204665848
-32.235999056 -53.085499658
-25.1469 -53.8489
-31.7666636 -52.2833322
-7.4083317 -38.209499162
-24.8689 -51.6278
-26.8666632 -51.3166654
-18.537331184 -40.29083217
-21.988829378 -48.387831782
-4.41083 -42.0858
-21.087332984 -45.559497762
-21.609497562 -47.052166458
-17.687830582 -42.509497962
-4.323998704 -38.884329796
-11.666664 -39.8499966
-23.468998124 -47.73416373
-10.50166466 -37.05166646
-20.920329652 -43.617330864
-21.801496794 -49.605997576
-29.6999972 -51.333332
-24.617330864 -53.318665392
-9.404498382 -36.07083305
-22.7833302 -51.6999972
-23.00916663 -48.006333308
-22.324832034 -47.170165986
-21.72166378 -43.055333112
-21.8666632 -42.6833306
-23.9019 -53.5128
-26.725 -51.015
-26.786330188 -50.937162918
-23.100499598 -45.70416385
-30.507331304 -53.487831382
-18.557831102 -51.121499514
-11.0999996 -40.4333316
-19.290332172 -44.417998328
-14.335998656 -40.905996376
-19.874663168 -43.668663992
-14.0666664 -42.4833314
-8.77277778778 -36.6227777878
-11.6999972 -41.4666648
-22.154666048 -49.067666396
-22.308832098 -49.056333108
-22.340331972 -49.052333124
-11.5499978 -39.2666656
-22.43999824 -49.757996968
-9.18889 -43.0458
-20.367331864 -41.239665708
-4.4666648 -38.916663
-7.8999964 -41.5666644
-20.0999996 -43.0499998
-8.2333324 -49.2999988
-19.7333304 -44.8999964
-19.0166666 -43.416665
-16.333665332 -48.951162862
-3.83389 -44.8928
-12.322832042 -38.758996964
-18.588997644 -39.72583043
-21.123999504 -44.469831454
-11.375165166 -40.007666636
-22.741497034 -41.87582983
-21.0999996 -46.1999992
-23.636209 -46.641142
-28.257165638 -49.017166598
-18.666664 -49.5666644
-22.084332996 -41.867329864
-27.3439 -51.6119
-19.92332964 -41.689663908
-4.72778 -44.3269
-19.908996364 -48.385998456
-6.6333308 -40.1166662
-21.9666628 -44.5999976
-8.42389 -43.7769
-19.5489 -44.1169
-6.909496362 -35.169832654
-14.483498066 -46.490331372
-22.7833302 -51.1833326
-12.474664768 -49.12166618
-22.416665 -45.7833302
-10.572831042 -38.608997564
-29.987162718 -51.083333
-7.557164438 -38.505331312
-21.8833298 -45.083333
-18.7358333433 -43.36500001
-12.217999128 -47.291998832
-26.9333296 -49.0499998
-21.152332724 -41.567331064
-24.50583131 -48.838996644
-1.46083 -45.1028
-27.0333332 -49.416665
-8.7166638 -39.1166662
-27.1749993 -52.05166646
-1.99083 -47.9489
-16.758663632 -49.435498258
-27.233665732 -52.02333324
-18.485164726 -47.401998392
-16.0999996 -48.7999968
-23.03666652 -49.705663844
-23.702163858 -46.693163894
0.166666 -50.0
-23.0333332 -52.83333
-1.675 -46.0019
-8.3999984 -35.4499982
-6.905996376 -37.600497598
-1.6999972 -48.8999964
-30.87166318 -52.25166566
-7.584830994 -35.103499586
-19.15499938 -45.451331528
-13.923662972 -49.287832182
-18.03583319 -45.185665924
-21.61916419 -42.10166626
-6.237832382 -42.852996588
-5.5999976 -46.749997
-7.3499986 -39.0499998
-11.8139 -37.6108
-3.0333332 -41.249999
-14.8833298 -41.9833294
-29.192 -50.098
-19.6558 -39.8148
-6.333332 -40.1333328
-6.783663532 -38.085499658
-9.951162862 -47.969829454
-18.353998584 -51.236165722
-20.085499658 -51.089666308
-16.820330052 -49.221999112
-18.290165506 -51.136332788
-27.1608 -52.8789
-22.8416633 -45.224665768
-21.9833294 -44.916663
-20.4499982 -50.874663168
-4.855329912 -43.353498586
-29.191499234 -51.18583259
-3.41778 -41.8958
-27.207999168 -53.322165378
-28.233 -53.767
4.818496726 -52.357165238
4.937162918 -52.325665364
-27.833 -48.416
-23.3166654 -50.2999988
-14.5027777878 -42.2219444544
-23.525392 -46.629163
-22.8166634 -43.1833326
-26.166666 -39.7166638
-13.2833322 -41.6999972
-5.616830866 -47.767996928
-2.83694 -44.0528
-7.937829582 -38.1499994
-20.987829382 -47.655330712
-8.8166634 -44.2166658
-5.319832054 -48.034333196
-17.192665896 -48.692163898
-20.83333 -43.7999968
-22.952662856 -43.337331984
-10.5999976 -49.188999244
-16.767330264 -47.607830902
-30.8416633 -52.042333164
-27.452331524 -53.24083237
-23.6375607831 -46.7200737864
-20.3916651 -47.418831658
-20.8758 -45.5189
-23.62 -46.734
-27.8999964 -49.1333328
3.5 -30.5
-7.03889 -38.3439
-21.499998 -44.6499974
-5.572831042 -36.905329712
-7.850496598 -35.252832322
-5.86389 -41.0489
-7.070999716 -36.725163766
-14.1166662 -39.8666632
-14.5333312 -49.9666628
-11.0999996 -48.917996328
-26.6 -51.0969
-7.1333328 -34.9333296
-22.856329908 -43.27083225
-16.00749997 -48.057333104
-8.2333324 -35.7833302
-11.5166646 -38.166666
-17.238665712 -40.908163034
-23.791830166 -48.588997644
-16.718163794 -42.859663228
-12.2339 -44.4208
3.1166662 -52.3499986
2.491998032 -50.942662896
-21.0666664 -50.141832766
-18.136166122 -49.03833318
-5.83333 -43.83333
-8.74194445444 -36.3338888989
-4.34083197 -46.400498398
-10.7166638 -43.6499974
-14.471498114 -46.408998364
-5.309498762 -48.223999104
-16.1499994 -50.4333316
-5.2999988 -41.0999996
-3.166666 -41.8666632
-17.350498598 -44.9583295
-15.617330864 -46.420331652
-5.59278 -47.0178
-22.187999248 -47.70499718
-21.741830366 -42.672663976
-22.15166606 -53.76916359
-13.9499962 -39.1166662
-12.150499398 -39.24083237
-23.568098 -46.648035
-20.62166418 -45.15416605
-19.49083137 -41.0583331
-15.417998328 -39.49083137
-20.155499378 -50.72333044
-22.290665504 -51.38583179
-1.70278 -45.1339
-2.7166638 -44.7166638
-16.96916279 -49.759663628
-6.8666632 -39.8666632
-23.509831294 -46.641164102
-22.071333048 -48.73749705
-22.787163518 -48.12333284
-23.509831294 -46.63499746
-23.547917 -46.639345
-18.336498654 -48.209665828
-28.673163974 -49.368498526
-23.3728 -50.8408
-16.457664836 -49.956329508
-7.29083 -37.0939
-20.666664 -44.333332
-21.1499994 -43.5166646
-23.659497362 -46.53833118
-12.788496846 -46.53666452
-27.025 -48.6539
-22.96377 -43.0489
-22.18916591 -48.773996904
-8.272165578 -38.033666532
-8.14778 -40.7958
-6.5499978 -36.583331
-4.166832666 -40.938996244
-8.441498234 -40.76916359
-8.319832054 -38.739663708
-11.141499434 -37.61916419
-12.8166634 -42.7666636
-5.3499986 -36.83333
-7.48194 -36.135
-4.48694 -42.0739
-29.2999988 -52.4333316
-7.802996788 -37.789663508
-30.8499966 -51.8166634
-8.019833254 -34.975162766
-20.9666628 -43.1833326
-20.5499978 -44.6333308
-20.285498858 -46.90166306
-7.026333228 -48.39083177
-7.02185 -35.7765
-10.641997432 -36.98666272
-21.0999996 -44.0333332
-19.083333 -43.1499994
-19.0499998 -42.9499962
-19.457664836 -45.601164262
-22.1166662 -45.1333328
-20.5499978 -44.8833298
-21.36999852 -45.50666464
-28.5869444544 -52.2019444544
-21.933662932 -42.605330912
-15.35416525 -49.703497186
-16.2999988 -41.790663504
-19.000499998 -48.309498762
-20.1833326 -44.7666636
-21.902329724 -47.60166426
-23.0458 -50.0739
-22.270998916 -46.158999364
-29.033 -50.133
-22.023999904 -43.202999188
-19.6833306 -49.0666664
-26.822163378 -53.501164662
-12.691830566 -38.321165382
-20.039666508 -41.685997256
-23.5999976 -51.5666644
-6.800496798 -35.622164178
-21.618664192 -49.070999716
-21.46000001 -42.9677777878
-21.57166438 -41.906496374
-23.2333324 -51.249999
-22.607164238 -46.054666448
-21.8499966 -45.2833322
-21.5666644 -41.916663
-18.233665732 -42.837329984
-22.56833106 -48.936329588
-23.958496166 -46.341831966
-23.48749805 -48.407665036
-7.33278 -47.4689
-21.9499962 -44.8833298
-27.583331 -48.9833294
-23.6426440961 -46.6229541748
-1.440331572 -48.459498162
-8.18194 -43.7919
-7.23083 -42.1778
-8.905329712 -35.72166378
-20.172165978 -48.68666392
-27.249999 -53.8666632
-23.609330896 -46.6749973
-5.9333296 -35.9333296
-17.724663768 -42.258998964
-6.083333 -42.7333304
-6.387331784 -47.858996564
-23.4201499861 -51.9382245804
-22.9003897318 -47.0678913951
-12.00416665 -44.689663908
-22.8992 -43.2211
-23.6037225851 -46.7190587904
-22.9588544979 -43.2097058278
-9.476331428 -37.372831842
-5.66583 -36.6008
-20.91749633 -49.440498238
-20.392665096 -47.266832266
-20.9499962 -45.3833318
-9.834829994 -48.72166378
-11.523997904 -39.07333304
-5.81778 -42.5128
-8.70694 -35.5308
-14.967662796 -48.918662992
-6.557664436 -47.459498162
-21.185499258 -43.972162778
-7.088499646 -38.16916599
-7.33194 -40.6369
-29.0999996 -52.583331
-29.2999988 -51.499998
-11.02000001 -40.3027777878
-25.9833294 -49.333332
-22.83333 -43.3666652
-17.70333052 -40.757830302
-29.640497438 -53.237332384
-27.717330464 -51.9083297
-22.470998116 -48.983496066
-3.017999928 -41.135499458
-22.056166442 -46.97082945
-21.920996316 -46.384831794
-16.708830498 -48.992996028
-25.8499966 -52.499998
-5.79889 -42.6689
-17.740330372 -48.62166418
-6.10278 -35.3258
-8.4499982 -35.9499962
-22.268998924 -50.540164506
-28.97 -52.005
-4.25389 -41.27
-20.357665236 -40.655330712
-21.189499242 -48.1583327
-19.967329464 -44.191999232
-23.416665 -49.6833306
-26.801725 -48.61389
-5.91694 -39.2678
-4.24694 -42.2958
-12.906496374 -38.325165366
-12.083333 -45.0
-9.925 -45.475
-4.285498858 -38.638997444
-22.835996656 -51.970329452
-5.92166298 -35.157832702
-8.817330064 -35.184832594
-2.749997 -42.83333
-15.243165694 -51.153832718
-19.971329448 -43.940162906
-22.86004 -43.09971
-20.554331116 -48.567331064
-6.7166638 -36.0666664
-23.0666664 -43.5666644
-22.9929693614 -43.3594568955
-9.837329984 -35.904663048
-18.752996988 -40.887829782
-9.402998388 -35.50416465
-7.52 -36
-24.470498118 -49.021333248
-22.28416553 -48.122999508
-7.750496998 -36.317332064
-12.0 -42.6333308
-15.856829906 -52.38666512
-15.887329784 -52.253998984
-5.499998 -45.249999
-25.409498362 -49.225665764
-14.8808 -40.5789
-7.68666392 -47.676330628
-22.468664792 -43.822163378
-27.188499246 -53.705997176
-23.541164502 -46.633830798
-22.852996588 -43.384498462
-23.1166662 -50.1833326
-22.8594685 -43.4040642
-27.3833318 -52.4333316
-14.2333324 -39.6499974
-30.2999988 -51.2999988
-11.0889 -43.1419
-13.7333304 -41.7666636
-16.824663368 -46.374665168
-19.3833318 -42.0999996
-24.753830318 -48.502831322
-10.905329712 -37.03666652
-4.285 -47.505
-22.872864 -43.405491
-12.8999964 -39.1499994
-18.9499962 -43.2666656
-6.6999972 -34.9333296
-9.00194 -41.9739
-30.6999972 -52.1166662
-2.6333308 -44.0666664
-6.95889 -41.6408
-12.7999968 -38.6333308
-2.5999976 -44.4666648
-20.1499994 -42.9666628
-29.3688888989 -49.85000001
-26.252332324 -53.626330828
-4.4833314 -44.4499982
-12.919 -38.427
-17.28666552 -49.374331836
-25.325 -49.31
-22.0333332 -45.6999972
-6.1499994 -37.7666636
-20.249999 -46.499998
-3.738497046 -43.355998576
-14.083333 -47.666664
-27.5908 -49.5539
-18.384331796 -52.621997512
-18.789663508 -52.620330852
-27.09083297 -52.617330864
-27.133832798 -52.653997384
-17.058166434 -40.568997724
-16.1833326 -40.6999972
-20.07583303 -49.858996564
-21.485998056 -41.609497562
-13.622164178 -41.322832042
-6.51694 -42.1139
-22.974496102 -43.38999844
-22.9972 -43.3589
-19.0944 -39.7208
-22.539664508 -44.16916599
-20.2833322 -43.0499998
-27.090499638 -53.009499962
-27.920329652 -53.03666652
-22.490164706 -48.554831114
-26.652330724 -53.437331584
-11.075166366 -43.141832766
-7.6333308 -43.9499962
-2.97083 -44.3158
-4.22166578 -44.774663568
-25.402998388 -49.22583243
-17.522831242 -43.009499962
-7.00329332016 -47.1403811051
-10.139666108 -49.137332784
-11.616830866 -47.750496998
-10.0 -46.499998
-12.8804 -41.3723
-15.29083217 -45.604497582
-28.052999788 -53.067333064
-14.2999988 -43.7833302
-7.202999188 -47.75416365
-22.9075530364 -43.1745759684
-11.887829782 -49.156499374
-10.356498574 -37.700497198
-29.5166646 -51.6333308
-7.0333332 -39.2833322
-3.95083 -40.4728
-4.4 -40.9108
-23.9333296 -51.5999976
-21.2999988 -42.7999968
-26.985 -49.7258
-6.6166642 -35.6333308
-29.6166642 -53.3499986
-6.5333312 -39.499998
-8.723997104 -48.758996964
-16.239665708 -49.35166526
-14.6999972 -39.6333308
-6.62583083 -35.905996376
-20.2583323 -40.418664992
-7.73278 -40.99
-4.22583243 -39.188999244
-14.5583311 -46.172832642
-7.167165998 -34.870329852
-25.288498846 -49.220999116
-11.570997716 -47.168665992
-27.676497294 -48.48833138
-9.168665992 -36.674663968
-19.734830394 -45.251165662
-26.533664532 -53.325165366
-20.719830454 -40.77583023
-22.81916339 -43.404331716
-22.819330056 -43.39083177
-21.9499962 -44.1833326
-7.79083017 -35.585497658
-13.252998988 -43.417331664
-21.016833266 -46.520331252
-19.734830394 -45.251165662
-22.151166062 -42.417998328
-28.333332 -49.6333308
-16.200999196 -52.168832658
-16.437998248 -49.375665164
-7.2249991 -35.875329832
-15.749997 -47.9499962
-7.749997 -37.6333308
-23.421831646 -48.472998108
-24.5499978 -52.7166638
-19.5333312 -49.4833314
-25.303498786 -49.052999788
-8.84082997 -35.567331064
-28.790330172 -51.088999644
-16.753163654 -49.685663924
-6.17194 -47.3639
-9.509497962 -43.006499974
-17.63666412 -47.77583023
-22.916663 -43.2333324
-20.86999652 -51.48583139
-16.499998 -44.8166634
-4.62778 -43.4708
-16.503497986 -44.806830106
-9.77583023 -36.350498598
-8.37583 -41.8358
-26.188999244 -49.259498962
-13.787663516 -48.556497774
-22.884829794 -43.341831966
-14.308998764 -49.1499994
-14.5158 -52.895
-25.0789 -51.8269
-22.9005447311 -47.0543764492
-3.67194 -43.1158
-7.6499974 -41.8666632
-27.7166638 -52.6166642
-3.46999812 -51.191999232
-30.118666192 -51.957162838
-23.6493743 -46.7591482
-3.81194 -42.6289
-20.602330924 -41.184332596
-5.333332 -41.5499978
-6.45194 -38.5508
-22.876163162 -43.55749777
-9.77583023 -36.350498598
-7.13194 -41.0358
-4.8166634 -42.166666
-2.54249783 -44.25583231
-3.80435678256 -38.5201529194
-5.499998 -36.5166646
-25.367998528 -49.450498198
-20.070999716 -41.120999516
-18.076166362 -50.208165834
-23.007833302 -48.471164782
-4.13278 -43.3239
-25.5237495717 -49.1721309781
-4.58389 -44.7639
-22.81999672 -43.634330796
-7.870996516 -48.885996456
-22.87166318 -43.38416513
-16.290332172 -49.08416633
-23.203832518 -46.783996864
-29.673997304 -51.051833126
-25.0166666 -52.9833294
-22.185999256 -52.717330464
-27.8999964 -50.749997
-10.5089 -40.3208
-26.3833318 -53.0499998
-19.756496974 -48.569831054
-23.505331312 -46.63583079
-23.0213999144 -47.1040245839
-6.485998056 -35.635497458
-22.122666176 -47.657997368
-22.0 -43.0666664
-23.491331368 -46.62249751
-23.50666464 -46.87249651
-27.67166398 -53.80166346
-6.359498562 -48.070333052
-27.1499994 -48.499998
-1.359498562 -48.369831854
-2.370498518 -44.391165102
-2.405331712 -44.408998364
-3.583331 -40.499998
-22.855496578 -47.104832914
-25.9833294 -49.6833306
-21.1069 -45.83
-10.726330428 -37.488998044
-18.2833322 -40.0
-18.6166642 -40.083333
-17.5189 -39.1958
-22.736997052 -45.588164314
-19.206 -43.242
-21.752330324 -41.320998716
-26.249999 -43.583331
-9.683997264 -36.30249879
-14.259498962 -49.641830766
-2.333332 -44.3999984
-7.070999716 -40.372165178
-21.240332372 -42.235999056
-30.3833318 -51.7333304
-21.234332396 -45.755330312
-28.8833298 -53.0
-22.601830926 -50.001499994
-7.989662708 -46.867329864
-19.69083057 -46.16916599
-23.397 -47.601
-29.372831842 -51.49083137
-13.035499858 -46.769830254
-22.82333004 -47.074499702
-22.475331432 -34.83333
-23.2057958435 -45.8695265219
-23.622830842 -49.556831106
-22.686497254 -45.00333332
-19.9333296 -43.4666648
-27.6166642 -52.3833318
-15.821 -47.94
-23.701 -46.697
-6.749997 -43.0166666
-26.1928 -53.5969
-3.26389 -44.62
-7.40416505 -35.270998916
-8.958996164 -48.159499362
-20.143 -44.2
-21.1083329 -41.669830654
-26.69 -53.0978
-14.202332524 -41.658997364
-6.81694 -38.65
-23.134332796 -46.45916483
-18.218665792 -49.723163774
-19.702330524 -43.470998116
-14.3833318 -40.5166646
-4.42 -46.765
-15.803083 -47.88551
-16.621830846 -49.342831962
-24.6439 -53.135
-21.133666132 -41.674663968
-12.1778 -51.5058
-19.83333 -42.3166654
-26.0758 -52.8339
-21.83333 -44.7999968
-24.317332064 -49.139666108
-23.5333333433 -46.65000001
-29.6166642 -51.9333296
-18.320998716 -53.703497186
-24.0128 -51.4589
-6.440331572 -37.923996304
-22.734663728 -50.789496842
-27.3499986 -49.8999964
-22.572997708 -44.95499618
-4.22 -45.0389
-28.275 -49.1658
-28.7339 -52.3939
-28.667330664 -50.416831666
-6.41194 -36.79
-14.5999976 -41.1333328
-18.6166642 -40.083333
-9.07389 -44.3589
-18.2833322 -40.0
-23.7666636 -53.0666664
-22.4666648 -46.1499994
-27.5438888989 -53.8658333433
-19.0558 -42.7158
-3.19083 -41.645
-21.492831362 -51.309332096
-29.4833 -51.35
-22.957162838 -52.156499374
-4.1833326 -38.1333328
-22.925996296 -43.718163794
-21.692330564 -41.300998796
-18.749997 -41.333332
-22.475164766 -42.202332524
-26.166666 -51.5666644
-2.19889 -44.8258
-22.9020447251 -43.1881992472
-27.0902879722 -48.9088813645
-7.737830382 -35.71916379
-11.134832794 -42.107666236
-28.63666412 -53.603497586
-26.0166666 -51.3499986
-21.0166666 -45.1833326
-12.668663992 -39.101166262
-7.1333328 -35.0999996
-2.917329664 -40.169832654
-10.5333312 -38.1166662
-18.940996236 -46.670997316
-25.6158 -53.1278
-11.0539 -51.8308
-23.58125 -46.63847
-9.27333224 -49.953496186
-28.2666656 -51.6999972
-28.3499986 -51.8833298
-24.65416405 -48.987829382
-11.0999996 -38.516831266
-20.3833318 -44.3499986
-9.2833322 -43.9499962
-14.150999396 -48.071333048
-6.02583 -44.2489
-8.055333112 -48.47166478
-6.707830502 -47.75583031
-21.73499706 -48.106832906
-18.583664332 -49.192665896
-20.2999988 -49.7333304
-20.708163834 -48.537997848
-29.385998456 -51.868663192
0 -30
-16.499998 -39.249999
-11.6999972 -46.749997
-6.78278 -35.8208
-12.6128 -38.2969
-20.7583303 -41.526331228
-7.24278 -40.8578
-20.8999964 -43.3666652
-21.893163094 -49.353998584
-21.234665728 -49.639664108
-8.1499994 -36.3666652
-7.4833314 -39.0
-8.21389 -42.8258
-4.33389 -45.5808
-6.37694 -37.825
-9.024666568 -36.567997728
-12.476331428 -43.959496162
-21.476164762 -51.526331228
-1.3 -47.92
-7.51611 -37.2861
-20.14083277 -41.287332184
-3.68389 -42.75
-11.0 -48.559497762
-5.69889 -48.4128
-21.166666 -50.184665928
-20.942996228 -48.47416477
-13.102332924 -39.79083017
-22.9066013736 -43.1721009783
-20.9083297 -41.191999232
-21.7083305 -52.419831654
-23.547824 -46.615881
-22.6558 -52.86
-25.0428 -52.68
-7.42333164 -38.2583323
-22.290332172 -53.26916559
-4.020999916 -42.07333304
-9.67333064 -37.121499514
-22.9032747202 -47.0054033117
-21.770996916 -47.084832994
-16.073833038 -48.500497998
-16.389831774 -50.167332664
-28.6333308 -51.5666644
-20.788996844 -43.924662968
-20.887996448 -47.584330996
-23.116999532 -46.550331132
-9.157166038 -40.96916279
-21.286498854 -50.337331984
-22.520504 -43.188727
-8.2333324 -35.4499982
-9.252998988 -36.29083217
-22.988996044 -43.357998568
-22.857829902 -43.251832326
-18.249 -43.6
-13.651997392 -49.825496698
-23.570331052 -46.03666652
-19.236 -43.218
-11.620330852 -38.804496782
-15.301998792 -49.603164254
-6.915 -35.2519
-19.53666452 -40.625164166
-28.5666644 -51.9833294
-8.3499986 -35.7666636
-21.7333304 -44.2999988
-2.901163062 -40.837829982
-20.734497062 -49.583497666
-23.5661 -46.5042
-23.538164514 -46.638664112
-16.951162862 -42.459498162
-22.9523878571 -43.1708909831
-15.607664236 -41.740330372
-4.00889 -49.4608
-21.919829654 -44.0333332
-18.572164378 -47.872829842
-6.484331396 -36.15416605
-6.8999964 -35.5333312
-22.8087317651 -47.0405181713
-20.89082977 -51.373998504
-22.8833298 -43.333332
-2.36889 -46.0019
-2.10694 -46.1278
-22.0666664 -46.5666644
-24.953496186 -53.452998188
-4.13083 -38.2358
-25.000166666 -53.500497998
-25.414555 -49.272523
-20.85416325 -42.80166346
-10.34500001 -39.8327777878
-7.85 -45.2139
-11.955996176 -40.167332664
-6.73 -38.7169
-24.5678 -49.42
-29.084832994 -51.988496046
-19.517997928 -41.009499962
-2.787830182 -49.669830654
-22.107832902 -48.307998768
-18.425164966 -47.605330912
-26.7166638 -49.4833314
-23.5499978 -52.2333324
-7.4333316 -34.8999964
-27.42 -49.7808
-23.150499398 -52.052333124
-5.6833306 -35.8166634
-21.268998924 -50.807163438
-23.537599 -46.563513
-18.039666508 -41.105999576
-29.166666 -51.5166646
-22.866996532 -43.356498574
-23.0508 -50.2289
-9.62583083 -36.573997704
-21.2666656 -47.8166634
-5.083333 -42.2166658
-16.557331104 -45.975329432
-16.616997532 -48.955996176
-9.16583 -42.8739
-9.501164662 -36.020333252
-11.303498786 -48.934829594
-2.4333316 -44.7833302
-6.81583 -35.9219
-23.890496438 -46.421998312
-6.8499966 -36.3499986
-22.905996376 -43.201499194
-22.652997388 -43.485164726
-23.3666652 -53.0166666
-5.17389 -47.7819
-22.9423212307 -43.3579469015
-16.105999576 -47.939496242
-30.156499374 -50.233665732
-16.721497114 -52.304665448
-23.222665776 -47.951829526
-21.83666332 -45.388165114
-21.140332772 -43.772830242
-21.953162854 -51.407998368
-27.6999972 -49.333332
-21.68416393 -51.070666384
-18.44083157 -43.653497386
-20.634330796 -40.749997
-18.23666572 -41.741997032
-32.853829918 -52.807663436
-23.588997644 -46.68833058
5.289665508 -52.583331
-22.83333 -43.2833322
-20.8499966 -43.249999
-23.547824 -46.615881
-23.158999364 -47.739497042
-14.003416653 -47.6840972636
-23.034666528 -49.159666028
-23.226332428 -51.659497362
-22.816830066 -47.041166502
-12.6999972 -41.83333
-29.652330724 -52.933662932
-4.453164854 -43.884663128
-22.920162986 -43.2333324
-21.4333316 -45.9499962
-6.04083317 -36.34083197
-23.6166642 -52.6166642
-22.8249967 -43.350331932
-22.8503465986 -45.2336340655
-4.25416565 -43.007666636
-30.5999976 -51.749997
-30.59000001 -51.7388888989
-8.468664792 -35.723997104
-22.000499998 -44.456498174
-1.357665236 -47.30416545
-7.3166654 -38.5166646
-11.959496162 -41.266832266
-21.7778 -45.8408
-15.320498718 -44.75249699
-21.3166654 -42.8666632
-27.7999968 -50.8833298